{
 "cells": [
  {
   "cell_type": "markdown",
   "id": "cfa0c186",
   "metadata": {},
   "source": [
    "# Using an Artificial Decision Maker (ADM) to Compare Interactive Evolutionary Methods"
   ]
  },
  {
   "cell_type": "markdown",
   "id": "830253a7",
   "metadata": {},
   "source": [
    "This tutorial demonstrates how to use Artificial Decision Makers (ADMs) to compare interactive multiobjective evolutionary optimization methods. We will focus on comparing two methods:\n",
    "\n",
    "1. Interactive RVEA (Reference Vector Guided Evolutionary Algorithm)\n",
    "2. Interactive NSGA-III (Non-dominated Sorting Genetic Algorithm III)\n",
    "\n",
    "We will use the ADM proposed by Afsar et al. and evaluate performance using the R-metric framework:\n",
    "- R-IGD (R-metric Inverted Generational Distance)\n",
    "- R-HV (R-metric Hypervolume)\n",
    "\n",
    "## How the ADM Works\n",
    "\n",
    "The ADM operates in two sequential phases:\n",
    "\n",
    "1. **Learning Phase:**\n",
    "   - Explores the entire objective space\n",
    "   - Generates reference points in least explored areas\n",
    "   - Builds understanding of the Pareto front \n",
    "   - Identifies potential regions of interest\n",
    "\n",
    "2. **Decision Phase:**\n",
    "   - Focuses on the identified ROI\n",
    "   - Refines solutions through targeted reference points\n",
    "   - Guides the search towards most preferred solutions\n",
    "\n",
    "### Iteration Process\n",
    "At each iteration, the ADM follows these steps:\n",
    "1. Combines solutions from all algorithms and removes dominated ones\n",
    "2. Divides the combined front using uniform reference vectors\n",
    "3. Maps solutions to reference vectors based on angular distance\n",
    "4. Generates new reference points based on current phase\n",
    "5. Evaluates algorithm performance within the ROI\n",
    "\n",
    "> **Reference:**  \n",
    "> Afsar, B., Miettinen, K., & Ruiz, A. B. (2021).  \n",
    "> An Artificial Decision Maker for Comparing Reference Point Based Interactive Evolutionary Multiobjective Optimization Methods.\n",
    "> In: Ishibuchi, H., et al. Evolutionary Multi-Criterion Optimization. EMO 2021. Lecture Notes in Computer Science, vol 12654. Springer, Cham."
   ]
  },
  {
   "cell_type": "markdown",
   "id": "b445c433",
   "metadata": {},
   "source": [
    "## Problem Definition\n",
    "\n",
    "For this demonstration, we will use the DTLZ2 benchmark with 3 objective functions and 12 decision variables.\n",
    "\n",
    "First, we need to import the required modules and create the problem instance:"
   ]
  },
  {
   "cell_type": "code",
   "execution_count": 1,
   "id": "4e85c3b5",
   "metadata": {},
   "outputs": [],
   "source": [
    "import numpy as np\n",
    "from desdeo.emo.methods.EAs import nsga3, rvea\n",
    "from desdeo.problem.testproblems import dtlz2\n",
    "from desdeo.adm.ADMAfsar import ADMAfsar\n",
    "from desdeo.tools.indicators_unary import r_metric_indicator\n",
    "from desdeo.emo.hooks.archivers import NonDominatedArchive\n",
    "\n",
    "\n",
    "problem = dtlz2(n_objectives=3, n_variables=12)"
   ]
  },
  {
   "cell_type": "markdown",
   "id": "24f73116",
   "metadata": {},
   "source": [
    "## Initializing ADM and Optimization Methods  \n",
    "\n",
    "The procedure consists of the following steps:  \n",
    "\n",
    "1. **Initialize ADM** with the selected problem and specify the number of iterations for each phase.  \n",
    "   - Learning phase: 4 iterations  \n",
    "   - Decision phase: 3 iterations  \n",
    "2. **Generate an initial reference point** randomly within the objective space.  \n",
    "3. **Run both interactive NSGA-III and interactive RVEA** using the same reference point.  \n",
    "\n",
    "*Note:* The initial iteration with the random reference point is **not included** in the phase iterations.  \n"
   ]
  },
  {
   "cell_type": "code",
   "execution_count": 2,
   "id": "3eab251e",
   "metadata": {},
   "outputs": [],
   "source": [
    "adm = ADMAfsar(problem=problem, it_learning_phase=4, it_decision_phase=3, number_of_vectors=100)\n",
    "\n",
    "symbols = [f\"{x.symbol}_min\" for x in problem.objectives]\n",
    "\n",
    "solver_nsga3, publisher_nsga3 = nsga3(\n",
    "    problem=problem,\n",
    "    reference_vector_options={\n",
    "        \"reference_point\": dict(zip(symbols, adm.preference)),\n",
    "        \"interactive_adaptation\": \"reference_point\",\n",
    "        \"number_of_vectors\": 100,\n",
    "        })\n",
    "solver_rvea, publisher_rvea = rvea(\n",
    "    problem=problem,\n",
    "    reference_vector_options={ \n",
    "        \"reference_point\": dict(zip(symbols, adm.preference)),\n",
    "        \"interactive_adaptation\": \"reference_point\",\n",
    "        \"number_of_vectors\": 100,\n",
    "    })\n",
    "\n",
    "archive_nsga3 = NonDominatedArchive(problem=problem, publisher=publisher_nsga3)\n",
    "archive_rvea = NonDominatedArchive(problem=problem, publisher=publisher_rvea)\n",
    "publisher_nsga3.auto_subscribe(archive_nsga3)\n",
    "publisher_rvea.auto_subscribe(archive_rvea)\n",
    "\n",
    "results_nsga3 = solver_nsga3()\n",
    "results_rvea = solver_rvea()"
   ]
  },
  {
   "cell_type": "markdown",
   "id": "7cd3a2cd",
   "metadata": {},
   "source": [
    "## Interactive Optimization Process  \n",
    "\n",
    "The ADM framework steers the optimization through an automated, interactive procedure:  \n",
    "\n",
    "### Phase Control  \n",
    "- `adm.has_next()`: Checks whether additional iterations are required   \n",
    "- `adm.get_next_reference_point()`: Generates the next reference point based on the current set of solutions  \n",
    "\n",
    "### Phase-Specific Behavior  \n",
    "1. **Learning Phase**  \n",
    "   - Explores diverse regions of the objective space  \n",
    "   - Identifies promising areas for subsequent exploration  \n",
    "\n",
    "2. **Decision Phase**  \n",
    "   - Concentrates on the region of interest identified during the learning phase\n",
    "   - Produces targeted reference points to refine the search  \n",
    "\n",
    "### Performance Evaluation  \n",
    "At each iteration, solution quality is evaluated using **R-IGD** and **R-HV**.  \n",
    "\n",
    "The following cell demonstrates this iterative process in practice.  "
   ]
  },
  {
   "cell_type": "code",
   "execution_count": 3,
   "id": "c3d5b2eb",
   "metadata": {},
   "outputs": [
    {
     "name": "stdout",
     "output_type": "stream",
     "text": [
      "\n",
      "Iteration 1 (Learning Phase)\n",
      "----------------------------------------------------------------------\n",
      " Iteration Algorithm    R-IGD     R-HV    Phase\n",
      "         1  NSGA-III 0.005761 8.036950 Learning\n",
      "         1      RVEA 0.000855 8.013399 Learning\n",
      "----------------------------------------------------------------------\n",
      "Reference Point: [0.000000, 1.007171, 0.000000]\n",
      "\n",
      "Iteration 2 (Learning Phase)\n",
      "----------------------------------------------------------------------\n",
      " Iteration Algorithm    R-IGD     R-HV    Phase\n",
      "         2  NSGA-III 0.010252 8.198585 Learning\n",
      "         2      RVEA 0.005526 8.201107 Learning\n",
      "----------------------------------------------------------------------\n",
      "Reference Point: [0.000000, 0.197497, 0.987486]\n",
      "\n",
      "Iteration 3 (Learning Phase)\n",
      "----------------------------------------------------------------------\n",
      " Iteration Algorithm    R-IGD     R-HV    Phase\n",
      "         3  NSGA-III 0.010008 8.958897 Learning\n",
      "         3      RVEA 0.027205 8.700209 Learning\n",
      "----------------------------------------------------------------------\n",
      "Reference Point: [0.818444, 0.545629, 0.272815]\n",
      "\n",
      "Iteration 4 (Learning Phase)\n",
      "----------------------------------------------------------------------\n",
      " Iteration Algorithm    R-IGD     R-HV    Phase\n",
      "         4  NSGA-III 0.008852 8.866670 Learning\n",
      "         4      RVEA 0.001969 8.240471 Learning\n",
      "----------------------------------------------------------------------\n",
      "Reference Point: [1.001017, 0.100102, 0.100102]\n",
      "\n",
      "Iteration 5 (Decision Phase)\n",
      "----------------------------------------------------------------------\n",
      " Iteration Algorithm    R-IGD     R-HV    Phase\n",
      "         5  NSGA-III 0.003275 8.813635 Decision\n",
      "         5      RVEA 0.004445 8.751001 Decision\n",
      "----------------------------------------------------------------------\n",
      "Reference Point: [0.127046, 0.635231, 0.762277]\n",
      "\n",
      "Iteration 6 (Decision Phase)\n",
      "----------------------------------------------------------------------\n",
      " Iteration Algorithm    R-IGD     R-HV    Phase\n",
      "         6  NSGA-III 0.003275 8.813635 Decision\n",
      "         6      RVEA 0.004445 8.751001 Decision\n",
      "----------------------------------------------------------------------\n",
      "Reference Point: [0.127046, 0.635231, 0.762277]\n",
      "\n",
      "Iteration 7 (Decision Phase)\n",
      "----------------------------------------------------------------------\n",
      " Iteration Algorithm    R-IGD     R-HV    Phase\n",
      "         7  NSGA-III 0.003275 8.813635 Decision\n",
      "         7      RVEA 0.004445 8.751001 Decision\n",
      "----------------------------------------------------------------------\n",
      "Reference Point: [0.127046, 0.635231, 0.762277]\n"
     ]
    }
   ],
   "source": [
    "import pandas as pd\n",
    "from IPython.display import display\n",
    "\n",
    "iteration = 0\n",
    "metrics_data = []\n",
    "reference_points = []\n",
    "\n",
    "while adm.has_next():\n",
    "    iteration += 1\n",
    "    front_rvea = results_rvea.outputs.select(['f_1_min', 'f_2_min', 'f_3_min']).to_numpy()\n",
    "    front_nsga3 = results_nsga3.outputs.select(['f_1_min', 'f_2_min', 'f_3_min']).to_numpy()\n",
    "\n",
    "    adm.get_next_preference(front_rvea, front_nsga3)\n",
    "    reference_points.append(adm.preference.copy())\n",
    "    solver_nsga3, publisher_nsga3 = nsga3(\n",
    "        problem=problem,\n",
    "        reference_vector_options={\n",
    "            \"reference_point\": dict(zip(symbols, adm.preference)),\n",
    "            \"interactive_adaptation\": \"reference_point\",\n",
    "            \"number_of_vectors\": 100,\n",
    "        })\n",
    "    solver_rvea, publisher_rvea = rvea(\n",
    "        problem=problem,\n",
    "        reference_vector_options={\n",
    "            \"reference_point\": dict(zip(symbols, adm.preference)),\n",
    "            \"interactive_adaptation\": \"reference_point\",\n",
    "            \"number_of_vectors\": 100,\n",
    "        })\n",
    "    results_nsga3 = solver_nsga3()\n",
    "    results_rvea = solver_rvea()\n",
    "    \n",
    "    # Calculate metrics\n",
    "    metrics_nsga3 = r_metric_indicator(\n",
    "        results_nsga3.outputs.select(['f_1_min', 'f_2_min', 'f_3_min']).to_numpy(), \n",
    "        np.array([adm.preference])\n",
    "    )\n",
    "    metrics_rvea = r_metric_indicator(\n",
    "        results_rvea.outputs.select(['f_1_min', 'f_2_min', 'f_3_min']).to_numpy(), \n",
    "        np.array([adm.preference])\n",
    "    )\n",
    "    \n",
    "    # Store metrics in the list\n",
    "    current_metrics = pd.DataFrame([\n",
    "        {\n",
    "            'Iteration': iteration,\n",
    "            'Algorithm': 'NSGA-III',\n",
    "            'R-IGD': metrics_nsga3.r_igd,  # First value is R-IGD\n",
    "            'R-HV': metrics_nsga3.r_hv,   # Second value is R-HV\n",
    "            'Phase': 'Learning' if iteration <= 4 else 'Decision'\n",
    "        },\n",
    "        {\n",
    "            'Iteration': iteration,\n",
    "            'Algorithm': 'RVEA',\n",
    "            'R-IGD': metrics_rvea.r_igd,   # First value is R-IGD\n",
    "            'R-HV': metrics_rvea.r_hv,    # Second value is R-HV\n",
    "            'Phase': 'Learning' if iteration <= 4 else 'Decision'\n",
    "        }\n",
    "    ])\n",
    "    \n",
    "    if len(metrics_data) == 0:\n",
    "        metrics_data = current_metrics\n",
    "    else:\n",
    "        metrics_data = pd.concat([metrics_data, current_metrics], ignore_index=True)\n",
    "    \n",
    "    # Print current metrics in a formatted table\n",
    "    print(f\"\\nIteration {iteration} ({current_metrics['Phase'].iloc[0]} Phase)\")\n",
    "    print(\"-\" * 70)\n",
    "    print(current_metrics.to_string(index=False, float_format=lambda x: '{:.6f}'.format(x)))\n",
    "    print(\"-\" * 70)\n",
    "    \n",
    "    # Print reference point\n",
    "    ref_point = np.array(adm.preference)\n",
    "    print(f\"Reference Point: [{', '.join(f'{x:.6f}' for x in ref_point)}]\")"
   ]
  },
  {
   "cell_type": "markdown",
   "id": "c552f3dc",
   "metadata": {},
   "source": [
    "## Visualization of Reference Points\n",
    "\n",
    "Let's visualize how the ADM generates reference points throughout both phases of the optimization process. The following plot shows:\n",
    "\n",
    "1. **Learning Phase (Left)**: The first 4 reference points (L1-L4) demonstrate how the ADM explores different regions of the Pareto front to understand the full range of available trade-offs.\n",
    "\n",
    "2. **Decision Phase (Right)**: The subsequent 3 reference points (D1-D3) show how the ADM focuses on a specific region of interest, refining the search based on the knowledge gained during the learning phase.\n",
    "\n",
    "The gray surface represents the Pareto front of the DTLZ2 problem, which forms a quarter-sphere in the first octant (all objectives ≥ 0). Points are labeled chronologically to show the sequence of reference point generation."
   ]
  },
  {
   "cell_type": "code",
   "execution_count": 4,
   "id": "f6bce128",
   "metadata": {},
   "outputs": [
    {
     "data": {
      "application/vnd.plotly.v1+json": {
       "config": {
        "plotlyServerURL": "https://plot.ly"
       },
       "data": [
        {
         "colorscale": [
          [
           0,
           "rgb(255,255,255)"
          ],
          [
           0.125,
           "rgb(240,240,240)"
          ],
          [
           0.25,
           "rgb(217,217,217)"
          ],
          [
           0.375,
           "rgb(189,189,189)"
          ],
          [
           0.5,
           "rgb(150,150,150)"
          ],
          [
           0.625,
           "rgb(115,115,115)"
          ],
          [
           0.75,
           "rgb(82,82,82)"
          ],
          [
           0.875,
           "rgb(37,37,37)"
          ],
          [
           1,
           "rgb(0,0,0)"
          ]
         ],
         "name": "Pareto Front",
         "opacity": 0.3,
         "scene": "scene",
         "showscale": false,
         "type": "surface",
         "x": [
          [
           1,
           0.9994862162006879,
           0.9979453927503363,
           0.9953791129491982,
           0.9917900138232462,
           0.9871817834144502,
           0.9815591569910653,
           0.9749279121818236,
           0.9672948630390295,
           0.9586678530366606,
           0.9490557470106686,
           0.9384684220497604,
           0.9269167573460217,
           0.9144126230158125,
           0.9009688679024191,
           0.8865993063730001,
           0.8713187041233894,
           0.8551427630053462,
           0.8380881048918407,
           0.820172254596956,
           0.8014136218679567,
           0.7818314824680298,
           0.7614459583691344,
           0.7402779970753156,
           0.7183493500977277,
           0.6956825506034865,
           0.6723008902613169,
           0.6482283953077885,
           0.6234898018587336,
           0.598110530491216,
           0.5721166601221697,
           0.5455349012105487,
           0.5183925683105252,
           0.4907175520039379,
           0.46253829024083537,
           0.4338837391175582,
           0.404783343122394,
           0.3752670048793742,
           0.3453650544213078,
           0.31510821802362077,
           0.28452758663103267,
           0.2536545839095075,
           0.22252093395631445,
           0.19115862870137248,
           0.15959989503337932,
           0.12787716168450622,
           0.09602302590768189,
           0.06407021998071318,
           0.03205157757165533,
           6.123233995736766e-17
          ],
          [
           0.9994862162006879,
           0.9989726963751682,
           0.9974326645749431,
           0.9948677032867913,
           0.9912804481818243,
           0.9866745854071558,
           0.9810548477981369,
           0.9744270100150474,
           0.9667978826092422,
           0.958175305024849,
           0.9485681375432105,
           0.9379862521783453,
           0.9264405225327864,
           0.9139428126242205,
           0.9005059646944064,
           0.8861437860129043,
           0.8708710346891732,
           0.8547034045076151,
           0.8376575088011511,
           0.8197508633798988,
           0.8010018685324929,
           0.7814297901185455,
           0.7610547397716727,
           0.7398976542334311,
           0.7179802738394011,
           0.6953251201795223,
           0.6719554729556375,
           0.6478953460600253,
           0.6231694628995023,
           0.5978032309904516,
           0.5718227158508823,
           0.5452546142163474,
           0.5181262266072434,
           0.4904654292756802,
           0.4623006455607481,
           0.4336608166816146,
           0.4045753719984663,
           0.3750741987718508,
           0.3451876114514976,
           0.3149463205261701,
           0.2843814009665643,
           0.25352426029367353,
           0.2224066063054399,
           0.191060414494847,
           0.15951789519293927,
           0.1278114604705307,
           0.09597369083260959,
           0.06403730173966872,
           0.03203510999035662,
           6.120087977310359e-17
          ],
          [
           0.9979453927503363,
           0.9974326645749431,
           0.995895006911623,
           0.993333999807569,
           0.9897522748707009,
           0.985153512565511,
           0.9795424384311378,
           0.9729248182255554,
           0.9653074520008671,
           0.9566981671157919,
           0.9471058101925256,
           0.9365402380262365,
           0.9250123074565438,
           0.9125338642113803,
           0.8991177307347056,
           0.8847776930105794,
           0.86952848639713,
           0.853385780484978,
           0.836366162995673,
           0.8184871227366881,
           0.7997670316304876,
           0.7802251258361357,
           0.7598814859828421,
           0.7387570165357582,
           0.7168734243152257,
           0.694253196191552,
           0.6709195759782307,
           0.6468965405473514,
           0.6222087751917432,
           0.5968816482591686,
           0.5709411850846293,
           0.544414041247577,
           0.5173274751815026,
           0.4897093201640534,
           0.4615879557164595,
           0.43299227844165605,
           0.40395167233107165,
           0.37449597857058947,
           0.34465546487671334,
           0.31446079439444086,
           0.28394299418881125,
           0.2531334233624966,
           0.22206374083220587,
           0.19076587279700688,
           0.15927197993199818,
           0.1276144243410428,
           0.09582573630251733,
           0.06393858084225326,
           0.03198572416801345,
           6.110653154777738e-17
          ],
          [
           0.9953791129491982,
           0.9948677032867913,
           0.993333999807569,
           0.9907795784955328,
           0.9872070641912558,
           0.9826201278946829,
           0.9770234829929294,
           0.9704228804169575,
           0.9628251027321053,
           0.9542379571685435,
           0.944670267598818,
           0.9341318654707244,
           0.9226335797048304,
           0.910187225567029,
           0.8968055925275533,
           0.8825024311189312,
           0.8672924388063843,
           0.8511912448851879,
           0.8342153944205151,
           0.816382331246262,
           0.7977103800403309,
           0.7782187274947842,
           0.7579274026002212,
           0.7368572560646368,
           0.7150299388879092,
           0.6924678801139341,
           0.6691942637832659,
           0.6452330051099487,
           0.6206087259070177,
           0.5953467292859209,
           0.5694729736558631,
           0.5430140460497844,
           0.5159971348043871,
           0.48845000162228175,
           0.4604009530449615,
           0.4318788113659164,
           0.4029128850137795,
           0.37353293843593394,
           0.343769161513533,
           0.3136521385393542,
           0.28321281679037347,
           0.2524824747273436,
           0.2214926898540634,
           0.1902753062693573,
           0.15886240194511025,
           0.127286255763985,
           0.09557931435068627,
           0.06377415873086227,
           0.0319034708518967,
           6.094939223056837e-17
          ],
          [
           0.9917900138232462,
           0.9912804481818243,
           0.9897522748707009,
           0.9872070641912558,
           0.9836474315195148,
           0.9790770346186743,
           0.9735005698805025,
           0.9669237674994794,
           0.959353385584634,
           0.9507972032151313,
           0.9412640124467423,
           0.930763609277412,
           0.9193067835812094,
           0.9069053080210034,
           0.8935719259512548,
           0.8793203383233582,
           0.8641651896069893,
           0.8481220527419212,
           0.8312074131357768,
           0.813438651724158,
           0.7948340271105586,
           0.7754126568044163,
           0.7551944975765787,
           0.7342003249523722,
           0.7124517118633452,
           0.6899710064796231,
           0.6667813092456522,
           0.6429064491429323,
           0.6183709592041264,
           0.5932000513037122,
           0.567419590251076,
           0.5410560672126733,
           0.5141365724905639,
           0.4866887676852951,
           0.45874085727173874,
           0.43032155961708474,
           0.40146007747077894,
           0.3721860679567227,
           0.3425296120985751,
           0.3125211839094653,
           0.28219161907788676,
           0.2515720832819402,
           0.22069404016449476,
           0.189589219002167,
           0.15828958210134392,
           0.1268272919547539,
           0.09523467819232974,
           0.06354420436032994,
           0.03178843456284889,
           6.072962329274739e-17
          ],
          [
           0.9871817834144502,
           0.9866745854071558,
           0.985153512565511,
           0.9826201278946829,
           0.9790770346186743,
           0.9745278735053344,
           0.9689773191252241,
           0.9624310750481792,
           0.9548958679825054,
           0.9463794408628327,
           0.9368905448937251,
           0.9264389305572275,
           0.9150353375935849,
           0.9026914839654351,
           0.8894200538168083,
           0.8752346844393127,
           0.8601499522588952,
           0.8441813578575782,
           0.8273453100455641,
           0.8096591090000734,
           0.7911409284882434,
           0.7718097971923531,
           0.7516855791565673,
           0.7307889533752872,
           0.709141392544086,
           0.6867651409950633,
           0.6636831918392894,
           0.6399192633398298,
           0.6154977745396268,
           0.5904438201692814,
           0.5647831448605223,
           0.5385421166918554,
           0.5117477000935814,
           0.4844274281400206,
           0.45660937425741843,
           0.42832212337660114,
           0.39959474256002825,
           0.3704567511334198,
           0.3409380903526553,
           0.31106909263710736,
           0.2808804504010323,
           0.2504031845150379,
           0.21966861243004357,
           0.18870831599648158,
           0.15755410901181044,
           0.12623800452968884,
           0.09479218196439736,
           0.06324895402431657,
           0.0316407335084333,
           6.04474505617541e-17
          ],
          [
           0.9815591569910653,
           0.9810548477981369,
           0.9795424384311378,
           0.9770234829929294,
           0.9735005698805025,
           0.9689773191252241,
           0.9634583786730109,
           0.9569494196082502,
           0.9494571303263778,
           0.9409892096610991,
           0.9315543589733177,
           0.9211622732098982,
           0.909823630941453,
           0.8975500833893897,
           0.884354242453493,
           0.8702496677523452,
           0.8552508526899016,
           0.839373209562538,
           0.8226330537218747,
           0.8050475868096495,
           0.786634879081868,
           0.7674138508403942,
           0.7474042529910614,
           0.7266266467482811,
           0.7051023825070053,
           0.6828535779037523,
           0.6599030950892409,
           0.6362745172359839,
           0.611992124304985,
           0.5870808680964369,
           0.5615663466100607,
           0.5354747777414303,
           0.5088329723413123,
           0.48166830666570454,
           0.45400869424488305,
           0.4258825572003617,
           0.3973187970392422,
           0.3683467649559605,
           0.3389962316719523,
           0.309297356844222,
           0.2792806580742587,
           0.24897697954913564,
           0.21841746034702453,
           0.18763350243968724,
           0.15665673842482633,
           0.12551899902145408,
           0.09425228036167546,
           0.06288871111250094,
           0.031460519461467745,
           6.010316398914412e-17
          ],
          [
           0.9749279121818236,
           0.9744270100150474,
           0.9729248182255554,
           0.9704228804169575,
           0.9669237674994794,
           0.9624310750481792,
           0.9569494196082502,
           0.9504844339512096,
           0.9430427612868441,
           0.9346320484368628,
           0.9252609379772722,
           0.9149390593575434,
           0.903677019005703,
           0.8914863894295111,
           0.8783796973249267,
           0.8643704107040819,
           0.8494729250559881,
           0.8337025485541981,
           0.8170754863266234,
           0.7996088238036694,
           0.7813205091618005,
           0.7622293348805763,
           0.742354918432108,
           0.7217176821227795,
           0.7003388321079476,
           0.678240336601183,
           0.655444903300447,
           0.631975956054396,
           0.607857610792794,
           0.5831146507457642,
           0.5577725009773449,
           0.5318572022595176,
           0.5053953843135537,
           0.47841423844617464,
           0.450941489608648,
           0.423005367907524,
           0.39463457959629433,
           0.3658582775777745,
           0.33670603144752753,
           0.30720779710910345,
           0.2773938859923256,
           0.24729493390624535,
           0.21694186955877912,
           0.1863658827753695,
           0.1555983924493307,
           0.12467101425681314,
           0.09361552816955745,
           0.062463845798826856,
           0.0312479776040677,
           5.969711735264411e-17
          ],
          [
           0.9672948630390295,
           0.9667978826092422,
           0.9653074520008671,
           0.9628251027321053,
           0.959353385584634,
           0.9548958679825054,
           0.9494571303263778,
           0.9430427612868441,
           0.9356593520616947,
           0.927314489603017,
           0.9180167488210885,
           0.9077756837730772,
           0.8966018178456014,
           0.88450663294124,
           0.8715025576801,
           0.8576029546285696,
           0.8428221065683786,
           0.8271752018200735,
           0.8106783186359928,
           0.7933484086787745,
           0.7752032796023778,
           0.7562615767535142,
           0.7365427640122943,
           0.7160671037917744,
           0.6948556362169573,
           0.6729301575046421,
           0.6503131975663381,
           0.6270279968572572,
           0.6030984824951753,
           0.578549243673702,
           0.553405506395221,
           0.5276931075494682,
           0.5014384683643801,
           0.4746685672564969,
           0.44741091210881573,
           0.41969351200458044,
           0.3915448484460566,
           0.36299384608786106,
           0.3340698430149259,
           0.3048025605956309,
           0.27522207294109036,
           0.24535877600196906,
           0.2152433563345901,
           0.18490675956842278,
           0.15438015860735613,
           0.12369492159743427,
           0.09288257969396432,
           0.06197479466112444,
           0.031003326337359173,
           5.922972789262124e-17
          ],
          [
           0.9586678530366606,
           0.958175305024849,
           0.9566981671157919,
           0.9542379571685435,
           0.9507972032151313,
           0.9463794408628327,
           0.9409892096610991,
           0.9346320484368628,
           0.927314489603017,
           0.9190440524459202,
           0.9098292353988218,
           0.8996795073091465,
           0.888605297708614,
           0.8766179860961902,
           0.8637298902448828,
           0.8499542535443965,
           0.835305231392655,
           0.8197978766501731,
           0.8034481241722246,
           0.7862727744347011,
           0.7682894762704882,
           0.7495167087340957,
           0.7299737621131805,
           0.7096807181064722,
           0.6886584291884691,
           0.6669284971821123,
           0.6445132510614522,
           0.6214357240071173,
           0.5977196297381651,
           0.5733893381446321,
           0.5484698502458253,
           0.5229867725000834,
           0.4969662904924116,
           0.47043514202702097,
           0.4434205896524294,
           0.41595039264734807,
           0.3880527784961474,
           0.35975641388320767,
           0.33109037523596463,
           0.3020841188469125,
           0.2727674506052745,
           0.24317049536943502,
           0.2133236660116125,
           0.18325763216657692,
           0.15300328871652613,
           0.1225917240445075,
           0.09205418808900102,
           0.061422060232496856,
           0.0307268170570568,
           5.870147588334058e-17
          ],
          [
           0.9490557470106686,
           0.9485681375432105,
           0.9471058101925256,
           0.944670267598818,
           0.9412640124467423,
           0.9368905448937251,
           0.9315543589733177,
           0.9252609379772722,
           0.9180167488210885,
           0.9098292353988218,
           0.9007068109339783,
           0.8906588493343588,
           0.8796956755597354,
           0.8678285550122569,
           0.8550696819604868,
           0.8414321670089683,
           0.8269300236261911,
           0.811578153744806,
           0.7953923324488815,
           0.7783891917639384,
           0.7605862035664192,
           0.7420016616301545,
           0.7226546628282734,
           0.7025650875098752,
           0.6817535790716273,
           0.6602415227452791,
           0.6380510236228917,
           0.6152048839423603,
           0.5917265796565742,
           0.5676402363102883,
           0.5429706042494945,
           0.5177430331887686,
           0.49198344616272455,
           0.4657183128883439,
           0.4389746225655535,
           0.41177985614399626,
           0.38416195808449943,
           0.35614930764425073,
           0.3277706897151945,
           0.29905526524560805,
           0.27003254127525744,
           0.240732340614918,
           0.21118477120142168,
           0.1814201951597161,
           0.15146919760372812,
           0.12136255520809311,
           0.09113120458303982,
           0.06080621048493361,
           0.030418733895137745,
           5.811290413945078e-17
          ],
          [
           0.9384684220497604,
           0.9379862521783453,
           0.9365402380262365,
           0.9341318654707244,
           0.930763609277412,
           0.9264389305572275,
           0.9211622732098982,
           0.9149390593575434,
           0.9077756837730772,
           0.8996795073091465,
           0.8906588493343588,
           0.8807229791845673,
           0.8698821066380017,
           0.858147371424032,
           0.8455308317763424,
           0.8320454520422815,
           0.8177050893611194,
           0.8025244794248995,
           0.7865192213365199,
           0.7697057615805997,
           0.7521013771236047,
           0.7337241576605968,
           0.7145929870268491,
           0.6947275237934286,
           0.6741481810666855,
           0.6528761055124066,
           0.6309331556261872,
           0.6083418792723486,
           0.5851254905144835,
           0.5613078457614366,
           0.5369134192532317,
           0.5119672779121356,
           0.4864950555847012,
           0.4605229267012569,
           0.43407757937991087,
           0.40718618800270473,
           0.3798763852920998,
           0.35217623391648606,
           0.3241141976538944,
           0.29571911214353924,
           0.26702015525525175,
           0.23804681710724407,
           0.20882886976302137,
           0.17939633663857307,
           0.1497794616512829,
           0.12000867814226064,
           0.09011457760402548,
           0.06012787824568093,
           0.030079393427876872,
           5.746461745820532e-17
          ],
          [
           0.9269167573460217,
           0.9264405225327864,
           0.9250123074565438,
           0.9226335797048304,
           0.9193067835812094,
           0.9150353375935849,
           0.909823630941453,
           0.903677019005703,
           0.8966018178456014,
           0.888605297708614,
           0.8796956755597354,
           0.8698821066380017,
           0.8591746750488638,
           0.8475843834020871,
           0.8351231415058266,
           0.8218037541284934,
           0.8076399078409898,
           0.792646156952833,
           0.7768379085566175,
           0.7602314066961862,
           0.7428437156747772,
           0.7246927025202993,
           0.705797018625752,
           0.6861760805836593,
           0.6658500502342078,
           0.6448398139475934,
           0.6231669611618634,
           0.6008537621983104,
           0.5779231453772109,
           0.5543986734574268,
           0.5303045194240775,
           0.5056654416491642,
           0.48050675845066804,
           0.4548543220762679,
           0.4287344921384082,
           0.4021741085280143,
           0.3752004638346915,
           0.34784127530174325,
           0.320124656344831,
           0.2920790876635378,
           0.2637333879755261,
           0.2351166844033551,
           0.20625838254439524,
           0.17718813625458835,
           0.1479358171771054,
           0.11853148404721545,
           0.08900535180490153,
           0.05938776054696895,
           0.029709144350543237,
           5.675728199799247e-17
          ],
          [
           0.9144126230158125,
           0.9139428126242205,
           0.9125338642113803,
           0.910187225567029,
           0.9069053080210034,
           0.9026914839654351,
           0.8975500833893897,
           0.8914863894295111,
           0.88450663294124,
           0.8766179860961902,
           0.8678285550122569,
           0.858147371424032,
           0.8475843834020871,
           0.8361504451306584,
           0.8238573057542382,
           0.810717597304535,
           0.7967448217202071,
           0.781953336972708,
           0.7663583423124994,
           0.7499758626507953,
           0.7328227320928808,
           0.7149165766399324,
           0.6962757960771093,
           0.6769195450665313,
           0.6568677134645674,
           0.6361409058836648,
           0.6147604205197167,
           0.5927482272667259,
           0.5701269451412538,
           0.5469198190398519,
           0.5231506958533593,
           0.49884399996261,
           0.47402470814073105,
           0.44871832388781924,
           0.4229508512243715,
           0.3967487679703949,
           0.37013899853765797,
           0.34314888626303625,
           0.31580616531138694,
           0.2881389321768176,
           0.2601756168116414,
           0.23194495341267726,
           0.20347595089492188,
           0.1747978630829278,
           0.14594015865052073,
           0.11693249083974648,
           0.08780466699015871,
           0.058586617909764056,
           0.029308367119092137,
           5.59916245938125e-17
          ],
          [
           0.9009688679024191,
           0.9005059646944064,
           0.8991177307347056,
           0.8968055925275533,
           0.8935719259512548,
           0.8894200538168083,
           0.884354242453493,
           0.8783796973249267,
           0.8715025576801,
           0.8637298902448828,
           0.8550696819604868,
           0.8455308317763424,
           0.8351231415058266,
           0.8238573057542382,
           0.8117449009293668,
           0.7987983733459519,
           0.7850310264362531,
           0.7704570070798735,
           0.7550912910668857,
           0.7389496677091941,
           0.7220487236159504,
           0.7044058256496909,
           0.6860391030807116,
           0.6669674289580174,
           0.6472104007159882,
           0.6267883200366906,
           0.6057221719885272,
           0.5840336034626601,
           0.5617449009293668,
           0.5388789675371862,
           0.5154592995783843,
           0.4915099623449261,
           0.46705556539976134,
           0.44212123728883446,
           0.41673259971980603,
           0.39091574123401496,
           0.3646971903987398,
           0.3381038885473014,
           0.3111631620950231,
           0.2839026944594903,
           0.256350497613969,
           0.22853488330320818,
           0.2004844339512096,
           0.17222797329085446,
           0.1437945367455687,
           0.11521334159346418,
           0.08651375694460882,
           0.0577252735622821,
           0.02887747355922087,
           5.5168432010405605e-17
          ],
          [
           0.8865993063730001,
           0.8861437860129043,
           0.8847776930105794,
           0.8825024311189312,
           0.8793203383233582,
           0.8752346844393127,
           0.8702496677523452,
           0.8643704107040819,
           0.8576029546285696,
           0.8499542535443965,
           0.8414321670089683,
           0.8320454520422815,
           0.8218037541284934,
           0.810717597304535,
           0.7987983733459519,
           0.7860583300610849,
           0.7725105587056184,
           0.7581689805304308,
           0.7430483324765681,
           0.7271641520320408,
           0.7105327612660042,
           0.6931712500567296,
           0.6750974585305989,
           0.6563299587301686,
           0.6368880355301408,
           0.6167916668208506,
           0.596061502979634,
           0.5747188456511683,
           0.5527856258585925,
           0.5302843814678992,
           0.5072382340287531,
           0.48367086501553563,
           0.4596064914930297,
